image: maps/map_2025-10-16_17-52-33/map_output.pgm
resolution: 0.005000
origin: [-2.838922, -1.160263, 0.0]
negate: 0
occupied_thresh: 0.65
free_thresh: 0.196
