image: maps/map_2025-10-15_15-57-17/map_output.pgm
resolution: 0.005000
origin: [-2.080853, -1.290000, 0.0]
negate: 0
occupied_thresh: 0.65
free_thresh: 0.196
