image: maps/map_2025-09-09_10-52-29/map_output.pgm
resolution: 0.005000
origin: [-2.266553, -1.252115, 0.0]
negate: 0
occupied_thresh: 0.65
free_thresh: 0.196
