image: map_2025-07-15_14-19-22/map_output.pgm
resolution: 0.005000
origin: [-2.817934, -1.508450, 0.0]
negate: 0
occupied_thresh: 0.65
free_thresh: 0.196
