image: maps/map_2025-10-23_21-25-41/map_output.pgm
resolution: 0.005000
origin: [-2.565107, -1.055558, 0.0]
negate: 0
occupied_thresh: 0.65
free_thresh: 0.196
