image: maps/map_2025-10-11_19-17-42/map_output.pgm
resolution: 0.005000
origin: [-4.817569, -1.873708, 0.0]
negate: 0
occupied_thresh: 0.65
free_thresh: 0.196
