image: maps/map_2025-10-16_17-11-46/map_output.pgm
resolution: 0.005000
origin: [-6.129024, -3.000009, 0.0]
negate: 0
occupied_thresh: 0.65
free_thresh: 0.196
