image: maps/map_2025-11-03_17-56-11/map_output.pgm
resolution: 0.005000
origin: [-2.184995, -0.822050, 0.0]
negate: 0
occupied_thresh: 0.65
free_thresh: 0.196
