image: maps/map_2025-11-04_14-14-45/map_output.pgm
resolution: 0.005000
origin: [-5.427074, -1.728544, 0.0]
negate: 0
occupied_thresh: 0.65
free_thresh: 0.196
