image: maps/map_2025-11-04_14-45-06/map_output.pgm
resolution: 0.005000
origin: [-6.336099, -1.932668, 0.0]
negate: 0
occupied_thresh: 0.65
free_thresh: 0.196
