image: maps/map_2025-11-13_11-46-33/map_output.pgm
resolution: 0.005000
origin: [-4.976817, -3.458795, 0.0]
negate: 0
occupied_thresh: 0.65
free_thresh: 0.196
