image: maps/map_2025-10-23_21-24-23/map_output.pgm
resolution: 0.005000
origin: [-2.593802, -1.067743, 0.0]
negate: 0
occupied_thresh: 0.65
free_thresh: 0.196
