image: maps/map_2025-10-15_16-33-33/map_output.pgm
resolution: 0.005000
origin: [-2.253144, -0.826620, 0.0]
negate: 0
occupied_thresh: 0.65
free_thresh: 0.196
